   464
   332
   282
   225
   386
   395
   400
   494
   422
   313
   381
   321
   239
   209
   211
   414
   217
   425
   492
   318
   210
   421
   411
   226
   377
   346
   240
   446
   493
   389
   326
   500
   241
   210
   485
   310
   469
   306
   420
   430
   404
   430
   408
   470
   331
   483
   288
   335
   225
   235
   483
   366
   290
   453
   486
   366
   460
   431
   435
   371
   418
   336
   393
   270
   293
   483
   384
   204
   270
320
390
446
255
367
302
223
473
203
467
384
370
500
309
273
332
231
465
485
310
279
453
233
277
233
484
223
300
217
299
482
464
270
484
341
471
470
289
379
482
488
376
487
334
236
296
262
383
229
311
294
248
464
200
318
487
310
310
232
299
486
396
237
410
373
287
235
281
228
246
229
326
296
326
254
423
229
336
260
227
228
259
440
349
240
215
500
475
445
457
273
221
476
425
348
219
264
292
449
220
387
235
217
370
345
261
221
431
305
499
398
236
409
306
278
294
455
297
202
334
463
206
345
274
357
408
224
252
340
379
370
325
305
289
440
462
470
342
439
375
322
273
230
304
399
381
212
477
226
363
316
453
354
324
225
376
456
299
333
475
404
395
319
269
206
251
260
475
250
470
484
478
240
384
490
328
256
403
438
286
339
268
233
225
412
280
324
437
455
258
432
361
478
304
222
248
451
389
399
423
244
392
477
384
253
336
372
306
350
211
299
272
363
400
264
354
447
213
218
209
247
305
335
365
474
459
207
315
375
343
398
490
498
263
285
224
443
463
270
432
398
380
381
386
245
417
349
373
327
421
202
402
462
294
423
409
306
314
456
479
493
404
443
214
218
488
307
495
335
225
283
280
395
464
426
425
453
318
497
269
382

350
216
456
408
212
263
212
406
235
458
401
427
482
290
423
493
475
488
255
447
228
380
337
221
441
456
208
416
333
289
438
296
348
209
492
261
366
391
482
468
456
311
329
297
472
359
268
467
285
404
492
330
309
313
319
295
278
429
400
261
441
482
273
489
269
244
492
209
415
405

233
432
318
419
373
219
201
354
324
355
411
223
386
248
296
225
310
379
410
297
221
412
324
356
498
426
438
269
383
393
458
427
440
272
393
359
246
300
405
213
369
247
323
380
326
322
245
451
399
367
277
477
237
449
351
443
409
461
496
396
339
481
476
310
259
226
467
417
215
460
355
376
364
408
215
423
412
487
293
329
486
243
220
299
332
321
436
462
303
489
456
250
479
259
271
279
329
339
233
445
412
364
247
439
481
393
405
261
410
454
426
251
376
217
474
259
234
489
271
392
363
483
389
374
294
306
202
219
390
337
378
346
319
397
334
221
435
366
424
278
447
386
432
494
323
207
474
499
465
479
302
270
462
358
296
466
436
479
474
290
246
359
329
311
220
316
252
246
468
336
448
475
427
387
461
275
475
461
335
474
351
237
408
328
293
330
328
248
458
371
359
476
326
486
482
233
285
389
260
446
435
235
459
240
450
325
371
480
445
273
468
446
471
451
292
394
477
437
322
263
230
457
208
401
251
367
409
323
213
437
391
336
201
405
307
301
280
202
353
499
273
448
459
457
476
435
267
389
374
376
289
296
451
336
337
469
450
269
264
213
234
304
249
435
253
458
456
344
228
402
492
411
398
276
452
200
295
411
234
299
428
355
389
269
310
401
246
478
284
325
303
273
203
211
435
482
299
330
413
296
294
262
292
470
427
451
243
472
329
305
442
279
238
410
236
211
330
373
428
404
482
216
256
459
360
365
291
369
356
387
285
361
497
278
357
453
385
407
320
286
266
274
494
479
337
306
268
265
500
497
494

377
475
242
238
496
341
407
292
467
487
451
228
340
232
431
415
209
479
229
357
481
478
266
280
309
280
468
450
370
445
393
443
494
375
277
379
477
245
300
293
383
315
447
286
369
312
471
351
455
379
424
214
355
260
238
399
330
425
438
421
415
331
330
369
384
255
458
490
467
208

363
342
339
325
308
227
343
390
341
219
458
369
246
399
313
381
300
419
445
326
444
373
414
427
383
267
448
380
253
243
465
308
446
371
349
316
346
389
247
484
273
213
458
304
416
237
222
254
208
237
292
418
382
270
269
330
238
371
202
235
384
216
386
469
254
457
345
470
381
370
216
202
207
429
339
433
264
276
380
237
425
337
340
410
450
439
436
373
354
257
407
492
415
457
253
215
475
261
318
381
412
332
288
500
384
465
316
209
243
438
416
402
270
410
214
490
471
445
407
492
314
308
462
351
348
256
317
237
290
330
432
362
238
291
357
272
377
372
355
270
497
474
478
411
344
297
434
255
477
365
492
367
432
320
422
218
313
472
489
